40 50 58 75
58 75 60 80
60 80 62 80
62 80 65 85
65 85 60 85
60 85 55 80
55 80 40 50
40 50 10 40
10 40 8 40
8 40 20 50
20 50 20 55
20 55 23 55
23 55 25 55
25 55 40 50
40 50 40 15
40 15 35 30
35 30 53 30
53 30 50 30
50 30 48 30
48 30 45 35
45 35 40 50
40 50 33 35
33 35 33 32
33 32 10 35
10 35 5 35
5 35 2 40
2 40 0 40
0 40 0 45
0 45 5 45
5 45 8 45
8 45 40 50
40 50 42 15
42 15 42 10
42 10 44 5
44 5 40 5
40 5 38 5
38 5 35 5
35 5 38 15
38 15 45 30
45 30 47 35
47 35 40 50
40 50 30 50
30 50 25 50
25 50 25 52
25 52 23 52
23 52 28 55
28 55 28 52
28 52 30 52
30 52 40 50
40 50 47 40
47 40 48 40
48 40 50 40
50 40 50 35
50 35 53 35
53 35 65 60
65 60 63 58
63 58 60 60
60 60 40 50
40 50 35 32
35 32 32 30
32 30 30 32
30 32 30 30
30 30 28 30
28 30 25 30
25 30 26 32
26 32 40 50
40 50 42 65
42 65 40 66
40 66 38 68
38 68 35 66
35 66 35 69
35 69 38 70
38 70 40 69
40 69 42 68
42 68 40 50
40 50 22 75
22 75 18 75
18 75 15 75
15 75 20 80
20 80 22 85
22 85 25 85
25 85 45 68
45 68 45 65
45 65 40 50
40 50 65 55
65 55 66 55
66 55 72 55
72 55 75 55
75 55 70 58
70 58 68 60
68 60 40 50
40 50 85 35
85 35 88 35
88 35 95 30
95 30 92 30
92 30 88 30
88 30 85 25
85 25 40 50
