40 50 85 35
85 35 88 35
88 35 95 35
95 35 95 30
95 30 92 30
92 30 88 30
88 30 87 30
87 30 40 50
40 50 58 75
58 75 65 55
65 55 72 55
72 55 75 55
75 55 70 58
70 58 68 60
68 60 63 58
63 58 40 50
40 50 30 50
30 50 30 52
30 52 40 50
40 50 60 55
60 55 60 80
60 80 62 80
62 80 65 82
65 82 67 85
67 85 65 85
65 85 60 85
60 85 55 85
55 85 40 50
40 50 33 32
33 32 30 32
30 32 30 30
30 30 28 30
28 30 25 30
25 30 26 32
26 32 28 35
28 35 30 35
30 35 40 50
40 50 25 52
25 52 23 52
23 52 20 50
20 50 20 55
20 55 25 55
25 55 28 55
28 55 40 50
40 50 10 40
10 40 5 35
5 35 2 40
2 40 0 40
0 40 0 45
0 45 8 45
8 45 28 52
28 52 40 50
40 50 33 35
33 35 35 32
35 32 35 30
35 30 53 35
53 35 50 30
50 30 48 30
48 30 47 35
47 35 45 35
45 35 40 50
40 50 40 15
40 15 42 15
42 15 42 10
42 10 44 5
44 5 40 5
40 5 35 5
35 5 38 15
38 15 85 25
85 25 40 50
40 50 15 75
15 75 15 80
15 80 20 80
20 80 20 85
20 85 22 85
22 85 25 85
25 85 40 50
40 50 22 75
22 75 35 69
35 69 40 69
40 69 42 68
42 68 45 70
45 70 45 68
45 68 45 65
45 65 40 50
40 50 47 40
47 40 48 40
48 40 50 40
50 40 40 50
40 50 42 65
42 65 42 66
42 66 38 68
38 68 35 66
35 66 40 50
